
%following created from image file, C:\Users\igyun\Desktop\Master of Science\2. Semester\ARP_Programmierung\17.09.2020\Kennfelder\BSFC_map.png, on 16-Sep-2020 09:52:10

x_map=[750 760 770 780 790 800 810 820 830 840 850 860 870 880 890 900 910 920 930 940 950 960 970 980 990 1000 1010 1020 1030 1040 1050 1060 1070 1080 1090 1100 1110 1120 1130 1140 1150 1160 1170 1180 1190 1200 1210 1220 1230 1240 1250 1260 1270 1280 1290 1300 1310 1320 1330 1340 1350 1360 1370 1380 1390 1400 1410 1420 1430 1440 1450 1460 1470 1480 1490 1500 1510 1520 1530 1540 1550 1560 1570 1580 1590 1600 1610 1620 1630 1640 1650 1660 1670 1680 1690 1700 1710 1720 1730 1740 1750 1760 1770 1780 1790 1800 1810 1820 1830 1840 1850 1860 1870 1880 1890 1900 1910 1920 1930 1940 1950 1960 1970 1980 1990 2000 2010 2020 2030 2040 2050 2060 2070 2080 2090 2100 2110 2120 2130 2140 2150 2160 2170 2180 2190 2200 2210 2220 2230 2240 2250 2260 2270 2280 2290 2300 2310 2320 2330 2340 2350 2360 2370 2380 2390 2400];
y_map=[0 10 20 30 40 50 60 70 80 90 100 110 120 130 140 150 160 170 180 190 200 210 220 230 240 250 260 270 280 290 300 310 320 330 340 350 360 370 380 390 400 410 420 430 440 450 460 470 480 490 500 510 520 530 540 550 560 570 580 590 600 610 620 630 640 650 660 670 680 690 700 710 720 730 740 750 760 770 780 790 800 810 820 830 840 850 860 870 880 890 900];
map=[NaN NaN NaN NaN NaN NaN NaN NaN NaN NaN NaN NaN NaN NaN NaN NaN NaN NaN NaN NaN NaN NaN NaN NaN NaN NaN NaN NaN NaN NaN NaN NaN NaN NaN NaN NaN NaN NaN NaN NaN NaN NaN NaN NaN NaN NaN NaN NaN NaN NaN NaN NaN NaN NaN NaN NaN NaN NaN NaN NaN NaN NaN NaN NaN NaN NaN NaN NaN NaN NaN NaN NaN NaN NaN NaN NaN NaN NaN NaN NaN NaN NaN NaN NaN NaN NaN NaN NaN NaN NaN NaN NaN NaN NaN NaN NaN NaN NaN NaN NaN NaN NaN NaN NaN NaN NaN NaN NaN NaN NaN NaN NaN NaN NaN NaN NaN NaN NaN NaN NaN NaN NaN NaN NaN NaN NaN NaN NaN NaN NaN NaN NaN NaN NaN NaN NaN NaN NaN NaN NaN NaN NaN NaN NaN NaN NaN NaN NaN NaN NaN NaN NaN NaN NaN NaN NaN NaN NaN NaN NaN NaN NaN NaN NaN NaN NaN;
342 343 343 344 345 345 346 347 348 349 350 351 351 352 353 354 355 355 357 357 358 359 359 361 361 363 363 364 365 366 366 366 366 366 365 385 368 368 369 370 355 -3.98 -8.46 NaN NaN NaN NaN NaN NaN NaN NaN NaN NaN NaN NaN NaN NaN NaN NaN NaN NaN NaN NaN NaN NaN NaN NaN NaN NaN NaN NaN NaN NaN NaN NaN NaN NaN NaN NaN NaN NaN NaN NaN NaN NaN NaN NaN NaN NaN NaN NaN NaN NaN NaN NaN NaN NaN NaN NaN NaN NaN NaN NaN NaN NaN NaN NaN NaN NaN NaN NaN NaN NaN NaN NaN NaN NaN NaN NaN NaN NaN NaN NaN NaN NaN NaN NaN NaN NaN NaN NaN NaN NaN NaN NaN NaN NaN NaN NaN NaN NaN NaN NaN NaN NaN NaN NaN NaN NaN NaN NaN NaN NaN NaN NaN NaN NaN NaN NaN NaN NaN NaN NaN NaN NaN NaN;
333 318 319 319 320 320 322 324 325 326 327 328 328 328 329 330 331 333 334 335 336 337 338 339 340 341 341 342 344 345 346 347 348 349 351 352 352 353 354 355 357 358 358 359 359 361 362 363 363 364 364 366 367 369 370 370 370 371 372 372 373 373 374 374 375 375 376 376 375 376 377 378 379 380 381 382 382 383 384 384 385 385 386 386 387 388 388 389 391 395 398 402 403 403 403 403 403 402 402 402 400 401 401 400 400 NaN NaN NaN NaN NaN NaN NaN NaN NaN NaN NaN NaN NaN NaN NaN NaN NaN NaN NaN NaN NaN NaN NaN NaN NaN NaN NaN NaN NaN NaN NaN NaN NaN NaN NaN NaN NaN NaN NaN NaN NaN NaN NaN NaN NaN NaN NaN NaN NaN NaN NaN NaN NaN NaN NaN NaN NaN NaN NaN NaN NaN;
324 299 299 299 301 301 302 303 304 305 306 306 306 306 307 308 309 311 313 314 315 315 315 316 317 317 317 318 318 319 320 321 320 322 322 322 324 326 325 328 330 333 334 336 338 340 342 343 343 344 345 346 347 348 349 350 350 351 352 353 353 354 355 355 356 357 357 358 358 359 360 360 360 362 362 363 364 365 365 366 367 367 368 369 370 371 369 367 367 367 367 368 368 367 365 367 370 371 372 375 375 377 377 381 380 383 385 386 391 392 394 396 398 399 400 402 402 403 405 403 404 404 404 400 400 400 400 NaN NaN NaN NaN NaN NaN NaN NaN NaN NaN NaN NaN NaN NaN NaN NaN NaN NaN NaN NaN NaN NaN NaN NaN NaN NaN NaN NaN NaN NaN NaN NaN NaN NaN NaN NaN NaN NaN NaN;
313 303 303 298 288 288 289 290 292 293 293 292 292 293 293 295 296 297 298 299 299 299 299 299 299 299 299 299 299 299 299 299 299 299 299 299 299 299 299 299 301 304 305 308 312 313 316 318 317 316 316 314 313 314 315 316 314 315 317 318 320 321 322 324 325 326 329 329 331 332 334 336 337 339 341 342 343 344 345 347 347 348 349 350 351 350 349 348 347 346 344 342 341 339 337 338 339 339 341 342 344 347 348 349 351 352 353 355 358 361 364 368 370 373 376 377 381 382 385 388 389 391 393 395 397 399 400 401 401 401 401 401 401 400 400 400 400 401 401 401 401 401 400 400 400 400 401 400 NaN NaN NaN NaN NaN NaN NaN NaN NaN NaN NaN NaN NaN NaN NaN NaN NaN NaN;
302 304 301 289 275 276 276 279 280 281 282 281 281 282 284 284 285 286 287 288 288 288 288 288 287 288 287 288 288 287 288 287 286 287 288 286 287 289 285 289 290 289 293 294 295 297 299 299 298 298 297 296 295 295 296 296 295 295 296 296 297 297 298 298 299 300 301 302 304 305 307 308 310 312 314 316 319 320 323 324 324 325 325 326 327 329 329 331 331 332 329 326 324 322 319 318 317 317 315 317 323 327 330 332 335 336 337 338 339 342 343 344 346 348 350 352 354 357 359 362 364 367 369 371 373 376 378 379 381 382 383 384 384 386 386 387 387 388 389 389 390 390 390 391 392 391 392 392 392 395 393 395 397 399 401 NaN NaN NaN NaN NaN NaN NaN NaN NaN NaN NaN;
291 302 292 278 264 264 264 269 270 271 272 271 272 272 274 275 275 276 277 277 278 278 278 278 277 277 277 277 277 276 278 276 276 276 278 276 277 280 275 279 281 279 283 284 283 286 288 286 286 288 285 284 284 284 286 286 284 285 287 286 286 286 288 287 288 288 288 291 291 293 293 295 295 296 298 299 300 301 303 304 304 304 304 304 304 309 311 316 318 319 316 313 311 308 306 304 302 299 298 298 308 310 314 318 321 323 324 325 325 329 329 330 333 334 335 337 339 340 341 343 345 347 348 350 352 354 356 358 360 361 363 365 366 368 369 371 372 374 375 376 377 378 379 381 381 381 383 383 383 387 384 385 387 389 391 392 394 396 398 399 NaN NaN NaN NaN NaN NaN;
279 299 282 268 254 254 254 260 260 261 262 262 264 263 266 266 266 267 268 268 269 268 268 268 268 268 268 268 267 267 268 267 266 266 269 268 268 271 268 270 273 271 273 276 273 277 279 275 276 279 275 275 274 275 276 278 275 276 278 277 277 277 279 278 280 278 278 282 281 283 283 285 286 286 288 289 289 291 292 292 293 292 292 292 293 296 299 303 307 308 305 302 300 298 296 294 293 294 295 296 297 300 303 306 309 311 313 314 314 317 317 318 321 321 322 325 326 327 328 330 331 333 334 335 337 338 340 341 343 345 346 348 350 351 353 355 357 359 361 362 364 365 367 368 370 371 372 373 373 376 375 375 377 379 380 382 383 385 386 387 389 391 393 395 400 400;
269 300 280 258 246 246 246 251 252 252 254 254 255 255 258 258 258 258 260 259 260 260 260 260 260 259 260 260 259 258 259 258 259 258 260 261 260 263 263 262 265 265 265 267 265 268 269 266 267 270 267 267 266 266 268 269 267 267 269 268 269 268 270 269 272 270 271 273 272 275 275 277 278 276 279 280 279 281 282 282 283 283 282 283 284 287 289 293 297 299 296 293 290 288 288 285 286 287 289 291 288 293 295 297 300 302 303 304 305 306 307 308 310 310 312 313 314 315 316 318 319 320 321 322 323 324 326 327 328 329 331 333 334 336 338 339 341 343 345 347 349 351 353 355 357 358 360 361 362 362 364 365 366 368 369 371 372 373 374 375 376 378 379 381 392 399;
