
%following created from image file, C:\Users\zf\OneDrive\桌面\批注 2020-08-23 105213.png, on 02-Sep-2020 08:23:10

x_map=[0 10 20 30 40 50 60 70 80 90 100 110 120 130 140 150 160 170 180 190 200 210 220 230 240 250 260 270 280 290 300 310 320 330 340 350 360 370 380 390 400 410 420 430 440 450 460 470 480 490 500 510 520 530 540 550 560 570 580 590 600 610 620 630 640 650 660 670 680 690 700 710 720 730 740 750 760 770 780 790 800 810 820 830 840 850 860 870 880 890 900 910 920 930 940 950 960 970 980 990 1000 1010 1020 1030 1040 1050 1060 1070 1080 1090 1100 1110 1120 1130 1140 1150 1160 1170 1180 1190 1200 1210 1220 1230 1240 1250 1260 1270 1280 1290 1300 1310 1320 1330 1340 1350 1360 1370 1380 1390 1400 1410 1420 1430 1440 1450 1460 1470 1480 1490 1500 1510 1520 1530 1540 1550 1560 1570 1580 1590 1600 1610 1620 1630 1640 1650 1660 1670 1680 1690 1700 1710 1720 1730 1740 1750 1760 1770 1780 1790 1800 1810 1820 1830 1840 1850 1860 1870 1880 1890 1900 1910 1920 1930 1940 1950 1960 1970 1980 1990 2000 2010 2020 2030 2040 2050 2060 2070 2080 2090 2100 2110 2120 2130 2140 2150 2160 2170 2180 2190 2200 2210 2220 2230 2240 2250 2260 2270 2280 2290 2300 2310 2320 2330 2340 2350 2360 2370 2380 2390 2400 2410 2420 2430 2440 2450 2460 2470 2480 2490 2500];
y_map=[0 10 20 30 40 50 60 70 80 90 100 110 120 130 140 150 160 170 180 190 200 210 220 230 240 250 260 270 280 290 300 310 320 330 340 350 360 370 380 390 400 410 420 430 440 450 460 470 480 490 500 510 520 530 540 550 560 570 580 590 600 610 620 630 640 650 660 670 680 690 700 710 720 730 740 750 760 770 780 790 800];
map1=[NaN NaN NaN NaN NaN NaN NaN NaN NaN NaN NaN NaN NaN NaN NaN NaN NaN NaN NaN NaN NaN NaN NaN NaN NaN NaN NaN NaN NaN NaN NaN NaN NaN NaN NaN NaN NaN NaN NaN NaN NaN NaN NaN NaN NaN NaN NaN NaN NaN NaN NaN NaN NaN NaN NaN NaN NaN NaN NaN NaN NaN NaN NaN NaN NaN NaN NaN NaN NaN NaN NaN NaN NaN NaN NaN NaN NaN NaN NaN NaN NaN NaN NaN NaN NaN NaN NaN NaN NaN NaN NaN NaN NaN NaN NaN NaN NaN NaN NaN NaN NaN NaN NaN NaN NaN NaN NaN NaN NaN NaN NaN NaN NaN NaN NaN NaN NaN NaN NaN NaN NaN NaN NaN NaN NaN NaN NaN NaN NaN NaN NaN NaN NaN NaN NaN NaN NaN NaN NaN NaN NaN NaN NaN NaN NaN NaN NaN NaN NaN NaN NaN NaN NaN NaN NaN NaN NaN NaN NaN NaN NaN NaN NaN NaN NaN NaN NaN NaN NaN NaN NaN NaN NaN NaN NaN NaN NaN NaN NaN NaN NaN NaN NaN NaN NaN NaN NaN NaN NaN NaN NaN NaN NaN NaN NaN NaN NaN NaN NaN NaN NaN NaN NaN NaN NaN NaN NaN NaN NaN NaN NaN NaN NaN NaN NaN NaN NaN NaN NaN NaN NaN NaN NaN NaN NaN NaN NaN NaN NaN NaN NaN NaN NaN NaN NaN NaN NaN NaN NaN NaN NaN NaN NaN NaN NaN NaN NaN NaN NaN NaN NaN;
NaN NaN NaN NaN NaN NaN NaN NaN NaN NaN NaN NaN NaN NaN NaN NaN NaN NaN NaN NaN NaN NaN NaN NaN NaN NaN NaN NaN NaN NaN NaN NaN NaN NaN NaN NaN NaN NaN NaN NaN NaN NaN NaN NaN NaN NaN NaN NaN NaN NaN NaN NaN NaN NaN NaN NaN NaN NaN NaN NaN NaN NaN NaN NaN NaN NaN NaN NaN NaN NaN NaN NaN NaN NaN NaN NaN NaN NaN NaN NaN NaN NaN NaN NaN NaN NaN NaN NaN NaN NaN NaN NaN NaN NaN NaN NaN NaN NaN NaN NaN NaN NaN NaN NaN NaN NaN NaN NaN NaN NaN NaN NaN NaN NaN NaN NaN NaN NaN NaN NaN NaN NaN NaN NaN NaN NaN NaN NaN NaN NaN NaN NaN NaN NaN NaN NaN NaN NaN NaN NaN NaN NaN NaN NaN NaN NaN NaN NaN NaN NaN NaN NaN NaN NaN NaN NaN NaN NaN NaN NaN NaN NaN NaN NaN NaN NaN NaN NaN NaN NaN NaN NaN NaN NaN NaN NaN NaN NaN NaN NaN NaN NaN NaN NaN NaN NaN NaN NaN NaN NaN NaN NaN NaN NaN NaN NaN NaN NaN NaN NaN NaN NaN NaN NaN NaN NaN NaN NaN NaN NaN NaN NaN NaN NaN NaN NaN NaN NaN NaN NaN NaN NaN NaN NaN NaN NaN NaN NaN NaN NaN NaN NaN NaN NaN NaN NaN NaN NaN NaN NaN NaN NaN NaN NaN NaN NaN NaN NaN NaN NaN NaN;
NaN NaN NaN NaN NaN NaN NaN NaN NaN NaN NaN NaN NaN NaN NaN NaN NaN NaN NaN NaN NaN NaN NaN NaN NaN NaN NaN NaN NaN NaN NaN NaN NaN NaN NaN NaN NaN NaN NaN NaN NaN NaN NaN NaN NaN NaN NaN NaN NaN NaN NaN NaN NaN NaN NaN NaN NaN NaN NaN NaN NaN NaN NaN NaN NaN NaN NaN NaN NaN NaN NaN NaN NaN NaN NaN NaN NaN NaN NaN NaN NaN NaN NaN NaN NaN NaN NaN NaN NaN NaN NaN NaN NaN NaN NaN NaN NaN NaN NaN NaN NaN NaN NaN 75 75 75 75 75 75 75 75 75 75 75 75 75 75 75 75 75 75 75 75 75 75 75 75 75 75 75 75 75 75 75 75 75 75 75 75 75 75 75 75 75 75 75 75 75 75 75 75 75 75 75 75 75 75 75 75 75 75 75 75 75 75 75 75 75 75 75 75 75 75 75 75 75 75 75 75 75 75 75 75 75 75 75 75 75 75 75 75 75 75 75 75 75 75 75 75 75 75 75 75 75 75 75 75 75 75 75 75 75 75 75 75 75 75 75 75 75 75 75 75 75 NaN NaN NaN NaN NaN NaN NaN NaN NaN NaN NaN NaN NaN NaN NaN NaN NaN NaN NaN NaN NaN NaN NaN NaN NaN NaN NaN;
NaN NaN NaN NaN NaN NaN NaN NaN NaN NaN NaN NaN NaN NaN NaN NaN NaN NaN NaN NaN NaN NaN NaN NaN NaN NaN NaN NaN NaN NaN NaN NaN NaN NaN NaN NaN NaN NaN NaN NaN NaN NaN NaN NaN NaN NaN NaN NaN NaN NaN 75 75.1 75.1 75.1 75.1 75.1 75.1 75.1 75.1 75.1 75.1 75.2 75.2 75.2 75.3 75.3 75.4 75.4 75.4 75.5 75.5 75.6 75.6 75.7 75.7 75.8 75.8 75.9 76 76 76.1 76.1 76.1 76.2 76.2 76.2 76.3 76.3 76.3 76.3 76.4 76.4 76.5 76.5 76.6 76.6 76.7 76.8 76.9 77 77 77.1 77.1 77.2 77.2 77.2 77.2 77.2 77.2 77.2 77.2 77.2 77.2 77.2 77.2 77.1 77.1 77.1 77.1 77.1 77 77 76.9 76.8 76.8 76.8 76.8 76.8 76.8 76.8 76.8 76.8 76.8 76.8 76.7 76.8 76.7 76.7 76.7 76.7 76.7 76.6 76.6 76.6 76.6 76.6 76.6 76.6 76.6 76.6 76.6 76.6 76.6 76.7 76.6 76.6 76.6 76.6 76.6 76.6 76.6 76.6 76.7 76.7 76.8 76.8 76.9 76.9 77 77 77.1 77.2 77.2 77.3 77.3 77.4 77.4 77.4 77.4 77.3 77.3 77.2 77.2 77.1 77.1 77.1 77.1 77.1 77.1 77.1 77.2 77.2 77.2 77.2 77.2 77.2 77.2 77.2 77.2 77.2 77.2 77.2 77.2 77.2 77.2 77.2 77.2 77.2 77.2 77.2 77.2 77.2 77.2 77.2 77.2 77.2 77.2 77.2 77.1 77.1 77 77 76.9 76.8 76.7 76.6 76.5 76.5 76.4 76.4 76.3 76.3 76.3 76.3 76.3 76.3 76.3 76.3 76.3 76.3 76.3 76.3 76.3 76.3 76.3 76.2 76.3 76.3 76.3 76.3 NaN;
NaN NaN NaN NaN NaN NaN NaN NaN NaN NaN NaN NaN NaN NaN NaN NaN NaN NaN NaN NaN NaN NaN NaN NaN NaN NaN NaN NaN NaN NaN NaN NaN NaN NaN NaN NaN 75 75.1 75.2 75.3 75.4 75.5 75.7 75.8 76 76.1 76.3 76.4 76.5 76.6 76.7 76.7 76.7 76.8 76.8 76.9 76.9 77 77 77 77 77.1 77.1 77.1 77.1 77.2 77.2 77.2 77.2 77.2 77.3 77.4 77.4 77.5 77.6 77.7 77.7 77.8 77.9 78 78 78 78.1 78.1 78.1 78.2 78.2 78.2 78.3 78.3 78.3 78.4 78.4 78.5 78.6 78.7 78.8 79 79.1 79.2 79.2 79.3 79.3 79.3 79.4 79.4 79.4 79.4 79.5 79.5 79.5 79.5 79.5 79.6 79.6 79.6 79.6 79.7 79.7 79.6 79.5 79.4 79.3 79.3 79.2 79.2 79.2 79.3 79.3 79.3 79.4 79.4 79.5 79.5 79.6 79.6 79.7 79.7 79.6 79.6 79.6 79.6 79.6 79.6 79.6 79.6 79.6 79.6 79.6 79.6 79.6 79.6 79.6 79.5 79.4 79.4 79.3 79.3 79.2 79.2 79.1 79.2 79.2 79.3 79.4 79.4 79.5 79.6 79.7 79.8 79.8 79.9 80 80.1 80.1 80.2 80.2 80.1 80 79.9 79.7 79.6 79.5 79.4 79.3 79.2 79.2 79.2 79.2 79.2 79.3 79.3 79.3 79.3 79.3 79.3 79.3 79.3 79.3 79.3 79.3 79.3 79.3 79.3 79.3 79.3 79.3 79.3 79.3 79.3 79.3 79.3 79.3 79.3 79.3 79.3 79.3 79.3 79.2 79.1 79 78.9 78.8 78.7 78.6 78.5 78.4 78.4 78.5 78.5 78.5 78.6 78.6 78.6 78.6 78.6 78.6 78.6 78.6 78.6 78.6 78.6 78.6 78.6 78.6 78.5 78.4 78.3 78.2 78.2 NaN;
